12.0 
8.09 
9.61 
8.74 
8.52 
9.30 
8.21 
7.41   
7.83 
7.82 
7.75 
7.90 
12.0 
12.0 
8.08 
7.44 
7.84 
7.79 
7.62 
8.30 
8.12 
7.58 
7.95 
7.82 
7.91 
12.0 
12.0 
8.33 
7.99 
7.87 
7.80 
7.96 
8.30 
7.99 
8.23 
7.93 
8.15 
8.43 
12.0 
12.0 
8.01 
7.86 
7.92 
8.22 
8.20 
8.39 
8.30 
7.77 
7.98 
7.99 
7.99 
12.0 
12.0 
8.11 
8.23 
7.97 
8.12 
7.99 
7.95 
8.26 
7.74 
8.83 
7.89 
7.91 
12.0 
12.0 
8.13 
8.19 
8.52 
8.23 
8.02 
8.42 
8.12 
8.56 
8.28 
8.30 
7.95 
12.0 
12.0 
8.24 
8.00 
8.29 
8.11 
7.99 
8.30 
8.40 
8.21 
8.26 
8.52 
7.79 
12.0 
12.0 
7.93 
8.34 
8.24 
7.88 
8.63 
8.52 
7.92 
8.45 
8.18 
8.14 
7.82 
12.0 
12.0 
7.54 
8.56 
8.80 
8.10 
8.53 
8.62 
7.88 
8.17 
7.92 
7.87 
8.00 
12.0 
12.0 
7.78 
7.73 
7.98 
8.16 
8.89 
8.59 
8.20 
8.48 
8.07 
7.91 
7.85 
12.0 
12.0 
7.64 
8.28 
8.19 
7.90 
8.07 
7.72 
7.87 
7.78 
7.79 
8.32 
8.15 
12.0 
12.0 
7.98 
8.27 
8.18 
7.95 
8.05 
8.08 
7.69 
8.13 
8.57 
8.12 
7.92 
12.0 
12.0 
8.64 
8.09 
8.05 
7.91 
8.33 
7.92 
8.02 
7.96 
8.12 
8.37 
7.68 
12.0 
12.0 
7.97 
8.11 
8.22 
8.04 
7.91 
8.30 
7.87 
8.55 
7.82 
7.94 
8.37 
12.0 
12.0 
9.06 
8.29 
7.93 
9.01 
7.78 
8.00 
8.02 
7.55 
7.96 
9.46 
7.62 
12.0 
12.0 
7.80 
7.93 
8.26 
8.47 
8.28 
8.23 
8.14 
8.18 
8.49 
8.20 
8.78 
12.0 
12.0 
8.54 
7.87 
7.90 
7.88 
7.80 
8.13 
8.19 
7.78 
8.20 
7.66 
8.71 
12.0 
12.0 
7.69 
7.71 
7.99 
8.15 
8.12 
8.22 
8.24 
8.13 
7.98 
7.65 
7.67 
12.0 
12.0 
7.37 
8.35 
8.33 
7.98 
8.01 
7.75 
7.62 
8.46 
7.94 
7.45 
8.19 
12.0 
12.0 
8.11 
9.11 
8.11 
7.74 
8.93 
7.61 
7.40 
8.54 
8.35 
7.67 
7.57 
12.0 
10.5 
8.55 
8.21 
8.07 
8.08 
8.35 
8.30 
8.30 
7.56 
8.43 
8.59 
8.44 
11.4 
10.5 
8.13 
8.61 
7.89 
8.53 
8.95 
8.24 
8.35 
7.79 
7.60 
8.14 
8.04 
10.3 
11.5 
8.13 
8.16 
8.50 
8.22 
8.21 
8.21 
7.73 
8.10 
8.05 
9.01 
9.06 
10.7 
10.5 
8.27 
8.55 
8.86 
8.20 
8.90 
8.30 
8.05 
8.30 
8.05 
8.26 
7.83 
10.7 
11.1 
8.07 
8.73 
8.61 
8.00 
8.72 
8.31 
8.49 
7.67 
7.90 
8.05 
8.31 
11.1 
11.0 
8.37 
8.41 
8.64 
8.04 
8.00 
8.31 
8.47 
7.50 
7.68 
8.32 
8.52 
10.7 
11.3 
8.31 
8.39 
8.30 
8.21 
8.41 
8.24 
8.37 
8.00 
8.21 
8.12 
8.91 
10.7 
11.5 
8.46 
8.21 
8.39 
8.06 
8.03 
8.39 
8.07 
8.11 
8.34 
8.86 
7.90 
10.6 
12.4 
9.46 
8.06 
8.12 
8.22 
7.98 
8.35 
8.43 
8.09 
8.28 
9.11 
8.27 
11.1 
10.7 
8.48 
8.03 
8.53 
8.34 
7.95 
7.93 
8.37 
7.79 
8.23 
8.06 
7.74 
12.0 
11.0 
8.65 
8.33 
8.41 
8.16 
7.85 
8.48 
8.65 
7.72 
8.34 
7.93 
9.10 
10.5 
11.6 
8.55 
8.54 
8.17 
8.64 
8.08 
8.19 
8.52 
8.30 
8.14 
8.33 
8.00 
10.8 
11.0 
8.38 
8.14 
8.00 
8.44 
8.97 
7.98 
7.79 
7.96 
7.72 
8.11 
8.01 
11.2 
10.9 
8.07 
8.38 
8.52 
8.17 
8.90 
8.17 
8.23 
7.93 
7.70 
8.30 
8.60 
10.7 
10.6 
8.38 
8.73 
8.49 
8.37 
8.20 
8.09 
7.80 
7.68 
8.13 
7.97 
9.06 
8.30 
11.9 
8.77 
8.92 
8.83 
7.98 
8.23 
8.30 
8.62 
8.08 
7.77 
9.12 
8.04 
8.30 
11.0 
8.30 
8.68 
8.56 
8.49 
8.78 
8.17 
8.76 
8.80 
8.74 
7.69 
8.58 
10.6 
10.9 
8.02 
7.98 
8.23 
8.48 
8.51 
8.48 
8.16 
8.54 
8.59 
8.04 
8.40 
11.3 
10.6 
8.99 
8.01 
7.96 
8.25 
8.33 
8.89 
8.53 
8.52 
8.28 
7.90 
9.06 
10.8 
11.5 
8.55 
8.40 
8.78 
8.11 
8.57 
8.58 
8.36 
7.85 
8.34 
7.50 
9.97 
10.8 
12.0 
12.0 
12.0 
12.0 
12.0 
12.0 
12.0 
12.0 
12.0 
12.0 
12.0 
12.0 
12.0 
12.0 
12.0 
12.0 
12.0 
12.0 
12.0 
12.0 
12.0 
12.0 
12.0 
12.0 
12.0 
12.0 
12.0 
12.0 
12.0 
12.0 
12.0 
12.0 
12.0 
12.0 
12.0 
12.0 
12.0 
12.0 
12.0 
12.0 
12.0 
12.0 
12.0 
12.0 
12.0 
12.0 
12.0 
12.0 
12.0 
12.0 
12.0 
12.0 
12.0 
12.0 
12.0 
12.0 
12.0 
12.0 
12.0 
12.0 
12.0 
12.0 
12.0 
12.0 
12.0 
12.0 
12.0 
12.0 
12.0 
12.0 
12.0 
12.0 
12.0 
12.0 
12.0 
12.0 
12.0 
12.0 
12.0 
12.0 
12.0 
12.0 
12.0 
12.0 
12.0 
12.0 
12.0 
12.0 
12.0 
12.0 
12.0 
12.0 
12.0 
12.0 
12.0 
12.0 
12.0 
12.0 
12.0 
12.0 
12.0 
12.0 
12.0 
12.0 
12.0 
12.0 
12.0 
12.0 
12.0 
12.0 
12.0 
12.0 
12.0 
12.0 
12.0 
12.0 
12.0 
12.0 
12.0 
12.0 
12.0 
12.0 
12.0 
12.0 
12.0 
12.0 
12.0 
12.0 
15.0 
15.0 
15.0 
15.0 
15.0 
15.0 
15.0 
15.0 
15.0 
15.0 
15.0 
15.0 
15.0 
15.0 
15.0 
15.0 
15.0 
15.0 
15.0 
15.0 
15.0 
15.0 
15.0 
15.0 
15.0 
15.0 
15.0 
15.0 
15.0 
15.0 
15.0 
15.0 
15.0 
15.0 
15.0 
15.0 
15.0 
15.0 
15.0 
15.0 
15.0 
15.0 
15.0 
15.0 
15.0 
15.0 
15.0 
15.0 
15.0 
15.0 
15.0 
15.0 
15.0 
15.0 
15.0 
15.0 
15.0 
15.0 
15.0 
15.0 
15.0 
15.0 
15.0 
15.0 
